para sherman-morrison
1)
10 10 5 20
0 5 0.1 500
1 1 0.1 500
5 1 0.1 500
8 1 0.1 500
3 2 0.1 500
7 2 0.1 500
6 3 0.1 500
4 2 0.1 500
4 4 0.1 500
7 4 0.1 500
8 5 0.1 500
2 6 0.1 500
1 7 0.1 500
3 7 0.1 500
4 7 0.1 500
7 7 0.1 500
2 8 0.1 500
6 8 0.1 500
4 9 0.1 500
8 9 0.1 500
2)
10 10 2 20
0 5 0.1 500
1 1 0.1 500
5 1 0.1 500
8 1 0.1 500
3 2 0.1 500
7 2 0.1 500
6 3 0.1 500
4 2 0.1 500
4 4 0.1 500
7 4 0.1 500
8 5 0.1 500
2 6 0.1 500
1 7 0.1 500
3 7 0.1 500
4 7 0.1 500
7 7 0.1 500
2 8 0.1 500
6 8 0.1 500
4 9 0.1 500
8 9 0.1 500
3)
10 10 1 20
0 5 0.1 500
1 1 0.1 500
5 1 0.1 500
8 1 0.1 500
3 2 0.1 500
7 2 0.1 500
6 3 0.1 500
4 2 0.1 500
4 4 0.1 500
7 4 0.1 500
8 5 0.1 500
2 6 0.1 500
1 7 0.1 500
3 7 0.1 500
4 7 0.1 500
7 7 0.1 500
2 8 0.1 500
6 8 0.1 500
4 9 0.1 500
8 9 0.1 500

para medicion de tiempos en funcion del h
1)
10 10 2 6
5 1 0.1 100
2 2 1.1 300
7 4 1.5 400
3 6.5 1 300
6 8 0.1 100
9 9 2.5 500
2)
10 10 1 6
5 1 0.1 100
2 2 1.1 300
7 4 1.5 400
3 6.5 1 300
6 8 0.1 100
9 9 2.5 500
3)
10 10 0.5 6
5 1 0.1 100
2 2 1.1 300
7 4 1.5 400
3 6.5 1 300
6 8 0.1 100
9 9 2.5 500

para la grafica de variacion de temperaturas respecto a la varicion del h

1)
5 5 2.5 10
0 0 1.6 100
5 0 1.1 200
1.5 1.5 0.1 500
3.5 1.5 0.1 500
2.5 5 1.1 200
2 3 0.6 300
0.5 3.5 0.1 500
1 4.5 0.1 500
2.5 4.5 0.1 500
5 5 1.1 200
2)
5 5 1 10
0 0 1.6 100
5 0 1.1 200
1.5 1.5 0.1 500
3.5 1.5 0.1 500
2.5 5 1.1 200
2 3 0.6 300
0.5 3.5 0.1 500
1 4.5 0.1 500
2.5 4.5 0.1 500
5 5 1.1 200
3)
5 5 0.5 10
0 0 1.6 100
5 0 1.1 200
1.5 1.5 0.1 500
3.5 1.5 0.1 500
2.5 5 1.1 200
2 3 0.6 300
0.5 3.5 0.1 500
1 4.5 0.1 500
2.5 4.5 0.1 500
5 5 1.1 200