6 6 1 5
1 1 0.1 300
3 2 0.1 300
6 3 0.1 300
2 4 0.1 300
4 7 0.1 300
		
6 6 1 10
1 1 0.1 300
3 2 0.1 300
6 3 0.1 300
2 4 0.1 300
4 7 0.1 300
5 1 0.1 300
1 3 0.1 300
4 3 0.1 300
5 4 0.1 300
1 6 0.1 300
		
6 6 1 20
1 1 0.1 300
3 2 0.1 300
6 3 0.1 300
2 4 0.1 300
4 7 0.1 300
5 1 0.1 300
1 3 0.1 300
4 3 0.1 300
5 4 0.1 300
1 6 0.1 300
3 0 0.1 300
5 0 0.1 300
4 1 0.1 300
0 2 0.1 300
4 4 0.1 300
0 5 0.1 300
2 5 0.1 300
3 5 0.1 300
5 5 0.1 300
6 6 0.1 300
		
6 6 1 5
1 1 0.1 300
3 2 1.1 300
6 3 0.6 300
2 4 0.1 300
4 7 1.1 300
		
6 6 1 10
1 1 0.1 300
3 2 1.1 300
6 3 0.6 300
2 4 0.1 300
4 7 1.1 300
5 1 0.1 300
1 3 1.1 300
4 3 0.1 300
5 4 1.6 300
1 6 2.1 300
		
6 6 1 20
1 1 0.1 300
3 2 1.1 300
6 3 0.6 300
2 4 0.1 300
4 7 1.1 300
5 1 0.1 300
1 3 1.1 300
4 3 0.1 300
5 4 1.6 300
1 6 2.6 300
3 0 0.6 300
5 0 2.1 300
4 1 0.9 300
0 2 1.6 300
4 4 0.1 300
0 5 1.1 300
2 5 2.1 300
3 5 1.1 300
5 5 0.6 300
6 6 0.6 300